cube

vertex:24
+
0.95	-0.95	0.95	/1/
-0.95	-0.95	0.95	/2/
0.95	-0.95	-0.95	/3/
-0.95	-0.95	-0.95	/4/
0.95	0.95	0.95	/5/
-0.95	0.95	0.95	/6/
0.95	0.95	-0.95	/7/
-0.95	0.95	-0.95	/8/
1.003	-0.9	0.9		/|9/
1.003	-0.9	-0.9	/|10/
1.003	0.9		0.9		/|11/
1.003	0.9		-0.9	/|12/
-1.003	-0.9	0.9		/|13/
-1.003	-0.9	-0.9	/|14/
-1.003	0.9		0.9		/|15/
-1.003	0.9		-0.9	/|16/
0.9		-0.9	1.003	/|17/
-0.9	-0.9	1.003	/|18/
0.9		0.9		1.003	/|19/
-0.9	0.9		1.003	/|20/
0.9		-0.9	-1.003	/|21/
-0.9	-0.9	-1.003	/|22/
0.9		0.9		-1.003	/|23/
-0.9	0.9		-1.003	/|24/

*

line:12
+
1 2		//
1 3		//
2 4		//
3 4		//
5 6		//
5 7		//
6 8		//
7 8		//
1 5		//
2 6		//
3 7		//
4 8		//
*

polygon:20
+
1 2 3	|	1	0	0	//
2 3 4	|	1	0	0	//

1 2 5	|	0	1	0	//
2 5 6	|	0	1	0	//

3 4 7	|	0	1	1	//
4 7 8	|	0	1	1	//

5 6 7	|	0	0	1	//
6 7 8	|	0	0	1	//

1 3 5	|	1	0	1	//
3 5 7	|	1	0	1	//

2 4 6	|	1	1	0	//
4 6 8	|	1	1	0	//

9	10	11	|	1	1	1	/|/
10	11	12	|	1	1	1	/|/

13	14	15	|	1	1	1	/|/
14	15	16	|	1	1	1	/|/

17	18	19	|	1	1	1	/|/
18	19	20	|	1	1	1	/|/

21	22	23	|	1	1	1	/|/
22	23	24	|	1	1	1	/|/

*

mass:8

*v

-0.2 0.15 0.08
