case

vertex:16
+
1.5		0.0	1.5	/1/
-1.5	0.0	1.5	/2/
1.5		0.0	-1.5	/3/
-1.5	0.0	-1.5	/4/
1.5		0.5	1.5	/5/
-1.5	0.5	1.5	/6/
1.5		0.5	-1.5	/7/
-1.5	0.5	-1.5	/8/

1.45	0.0	1.45	/1/
-1.45	0.0	1.45	/2/
1.45	0.0	-1.45	/3/
-1.45	0.0	-1.45	/4/
1.45	0.5	1.45	/5/
-1.45	0.5	1.45	/6/
1.45	0.5	-1.45	/7/
-1.45	0.5	-1.45	/8/

*

line:24
+
1 2		//
1 3		//
2 4		//
3 4		//
5 6		//
5 7		//
6 8		//
7 8		//
1 5		//
2 6		//
3 7		//
4 8		//

9 10		//
9 11		//
10 12		//
11 12		//
13 14		//
13 15		//
14 16		//
15 16		//
9 13		//
10 14		//
11 15		//
12 16		//
*

polygon:32
+
1 2 5	|	0	1	0	//
2 5 6	|	0	1	0	//

3 4 7	|	0	1	1	//
4 7 8	|	0	1	1	//

1 3 5	|	1	0	1	//
3 5 7	|	1	0	1	//

2 4 6	|	1	1	0	//
4 6 8	|	1	1	0	//


9 10 13		|	0	0.9	0	//
10 13 14	|	0	0.9	0	//

11 12 15	|	0	0.9	0.9	//
12 15 16	|	0	0.9	0.9	//

9 11 13		|	0.9	0	0.9	//
11 13 15	|	0.9	0	0.9	//

10 12 14	|	0.9	0.9	0	//
12 14 16	|	0.9	0.9	0	//


1 2 9	|	1	1	0	//
2 9 10	|	1	1	0	//

2 4 10	|	1	1	0	//
4 10 12	|	1	1	0	//

1 3 9	|	1	1	0	//
3 9 11	|	1	1	0	//

3 4 11	|	1	1	0	//
4 11 12	|	1	1	0	//


5 6 13	|	1	1	0	//
6 13 14	|	1	1	0	//

6 8 14	|	1	1	0	//
8 14 16	|	1	1	0	//

5 7 13	|	1	1	0	//
7 13 15	|	1	1	0	//

7 8 15	|	1	1	0	//
8 15 16	|	1	1	0	//




*m

mass:1000000

*v

0 0 0
