dai

vertex:8
+
5		7	5		/1/
5		7	-5		/2/
-5		7	5		/3/
-5		7	-5		/4/
5		6	5		/5/
5		6	-5		/6/
-5		6	5		/7/
-5		6	-5		/8/

*

line:12
+
1 2		//
1 3		//
2 4		//
3 4		//

5 6		//
5 7		//
6 8		//
7 8		//

1 5		//
2 6		//
3 7		//
4 8		//


*

polygon:12
+
1 2 3	|	0.9	0.9	0.9	//
2 3 4	|	0.9	0.9	0.9	//
5 6 7	|	0.8	0.8	0.8	//
6 7 8	|	0.8	0.8	0.8	//

1 2 5	|	0.8	0.8	0.8	//
2 5 6	|	0.8	0.8	0.8	//
1 3 5	|	0.8	0.8	0.8	//
3 5 7	|	0.8	0.8	0.8	//

2 4 6	|	0.8	0.8	0.8	//
4 6 8	|	0.8	0.8	0.8	//
3 4 7	|	0.8	0.8	0.8	//
4 7 8	|	0.8	0.8	0.8	//


*m

mass:10000000

*v
0 0 0
