hasira

vertex:8
+
0.5		0	0.5		/1/
0.5		0	-0.5		/2/
-0.5	0	0.5		/3/
-0.5	0	-0.5		/4/
0.5		6	0.5		/5/
0.5		6	-0.5		/6/
-0.5	6	0.5		/7/
-0.5	6	-0.5		/8/

*

line:12
+
1 2		//
1 3		//
2 4		//
3 4		//

5 6		//
5 7		//
6 8		//
7 8		//

1 5		//
2 6		//
3 7		//
4 8		//


9 10 	//
9 11 	//
10 12 	//
11 12 	//

13 14 	//
13 15 	//
14 16 	//
15 16 	//

9 13 	//
10 14 	//
11 15 	//
12 16 	//


17 18 	//
17 19 	//
18 20 	//
19 20 	//

21 22 	//
21 23 	//
22 24 	//
23 24 	//

17 21 	//
18 22 	//
19 23 	//
20 24 	//


25 26 	//
25 27 	//
26 28 	//
27 28 	//

29 30 	//
29 31 	//
30 32 	//
31 32 	//

25 29 	//
26 30 	//
27 31 	//
28 32 	//


33 34 	//
33 35 	//
34 36 	//
35 36 	//

37 38 	//
37 39 	//
38 40 	//
39 40 	//

33 37 	//
34 38 	//
35 39 	//
36 40 	//

*

polygon:12
+

1 2 3	|	0.8	0.8	0.1	//
2 3 4	|	0.8	0.8	0.1	//
5 6 7	|	0.8	0.8	0.1	//
6 7 8	|	0.8	0.8	0.1	//

1 2 5	|	0.1	0.8	0.1	//
2 5 6	|	0.1	0.8	0.1	//

1 3 5	|	0.8	0.1	0.1	//
3 5 7	|	0.8	0.1	0.1	//

2 4 6	|	0.8	0.1	0.8	//
4 6 8	|	0.8	0.1	0.8	//

3 4 7	|	0.1	0.8	0.8	//
4 7 8	|	0.1	0.8	0.8	//




*m

mass:10000000

*v
0 0 0
