pinpon

vertex:8
+
0.15	0.0	0.15	/1/
-0.15	0.0	0.15	/2/
0.15	0.0	-0.15	/3/
-0.15	0.0	-0.15	/4/
0.15	0.6	0.15	/5/
-0.15	0.6	0.15	/6/
0.15	0.6	-0.15	/7/
-0.15	0.6	-0.15	/8/

*

line:12
+
1 2		//
1 3		//
2 4		//
3 4		//
5 6		//
5 7		//
6 8		//
7 8		//
1 5		//
2 6		//
3 7		//
4 8		//
*

polygon:12
+
1 2 3	|	1	1	0	//
2 3 4	|	1	1	0	//

1 2 5	|	0	1	0	//
2 5 6	|	0	1	0	//

3 4 7	|	0	1	1	//
4 7 8	|	0	1	1	//

5 6 7	|	1	1	0	//
6 7 8	|	1	1	0	//

1 3 5	|	1	0	1	//
3 5 7	|	1	0	1	//

2 4 6	|	1	1	0	//
4 6 8	|	1	1	0	//

*m

mass:5

*v

0 0 0
