robot

vertex:16
+
1	1	1	/1/
-1	1	1	/2/
1	1	-1	/3/
-1	1	-1	/4/
1	2	1	/5/
-1	2	1	/6/
1	2	-1	/7/
-1	2	-1	/8/
0.1		2	-1		/9/
-0.1	2	-1		/10/
0.1		2	-0.8	/11/
-0.1	2	-0.8	/12/
0.1		5.2	-1		/13/
-0.1	5.2	-1		/14/
0.1		5.2	-0.8	/15/
-0.1	5.2	-0.8	/16/

*

line:24
+
1 2		//
1 3		//
2 4		//
3 4		//
5 6		//
5 7		//
6 8		//
7 8		//
1 5		//
2 6		//
3 7		//
4 8		//

9 10		//
9 11		//
10 12		//
11 12		//
13 14		//
13 15		//
14 16		//
15 16		//
9 13		//
10 14		//
11 15		//
12 16		//

*

polygon:24
+
1 2 3	|	1	0	0	//
2 3 4	|	1	0	0	//

1 2 5	|	0	1	0	//
2 5 6	|	0	1	0	//

3 4 7	|	0	1	1	//
4 7 8	|	0	1	1	//

5 6 7	|	0	0	1	//
6 7 8	|	0	0	1	//

1 3 5	|	1	0	1	//
3 5 7	|	1	0	1	//

2 4 6	|	1	1	0	//
4 6 8	|	1	1	0	//


9 10 13		|	0.4	0.4	0.4	//
10 13 14	|	0.4	0.4	0.4	//

11 12 15	|	0.4	0.4	0.4	//
12 15 16	|	0.4	0.4	0.4	//

9 11 13		|	0.4	0.4	0.4	//
11 13 15	|	0.4	0.4	0.4	//

10 12 14	|	0.4	0.4	0.4	//
12 14 16	|	0.4	0.4	0.4	//

13 14 15	|	0.4	0.4	0.4	//
14 15 16	|	0.4	0.4	0.4	//

9 10 11		|	0.4	0.4	0.4	//
10 11 12	|	0.4	0.4	0.4	//

*m

mass:100

*v

-0.2 0.15 0.08
