sky

vertex:20
+
30	-10	40	//
30	-10	-40	//
30	70	40	//
30	70	-40	//

-30	-10	40	//
-30	-10	-40	//
-30	70	40	//
-30	70	-40	//

40	-10	30	//
-40	-10	30	//
40	70	30	//
-40	70	30	//

40	-10	-30	//
-40	-10	-30	//
40	70	-30	//
-40	70	-30	//

40	60	40	//
40	60	-40	//
-40	60	40	//
-40	60	-40	//

*

line:8
+
1 5		//
2 6		//
3 7		//
4 8		//
5 6		//
5 7		//
6 8		//
7 8		//

*

polygon:10
+
1 2 3	|	0.3	0.7	1	//
2 3 4	|	0.3	0.7	1	//

5 6 7	|	0.3	0.7	1	//
6 7 8	|	0.3	0.7	1	//

9 10 11		|	0.3	0.7	1	//
10 11 12	|	0.3	0.7	1	//

13 14 15	|	0.3	0.7	1	//
14 15 16	|	0.3	0.7	1	//

17 18 19	|	0.2	0.8	1	//
18 19 20	|	0.2	0.8	1	//

*m

mass:1000000

*v
0 0 0
