tank

vertex:8
+
0.5		2.5	0.5	/1/
-0.5	2.5	0.5	/2/
0.5		2.5	-0.5	/3/
-0.5	2.5	-0.5	/4/
0.5		3.5	0.5	/5/
-0.5	3.5	0.5	/6/
0.5		3.5	-0.5	/7/
-0.5	3.5	-0.5	/8/

*

line:12
+
1 2		//
1 3		//
2 4		//
3 4		//
5 6		//
5 7		//
6 8		//
7 8		//
1 5		//
2 6		//
3 7		//
4 8		//
*

polygon:12
+
1 2 3	|	1	0	0	//
2 3 4	|	1	0	0	//

1 2 5	|	0	1	0	//
2 5 6	|	0	1	0	//

3 4 7	|	0	1	1	//
4 7 8	|	0	1	1	//

5 6 7	|	0	0	1	//
6 7 8	|	0	0	1	//

1 3 5	|	1	0	1	//
3 5 7	|	1	0	1	//

2 4 6	|	1	1	0	//
4 6 8	|	1	1	0	//

*m

mass:10

*v

0 0 0
